.vscode/tasks.json
  h_7ffaac8f5937a6 1-19
bun.lock
  h_7ffaac8f5937a6 1-35,37,39,41,43,45,47,49,51,53,55,57,59,61,63,65,67,69,71,73,75,77,79,81,83,85,87,89,91,93,95,97,99,101,103,105,107,109,111,113,115,117,119,121,123,125,127,129,131,133,135,137,139,141,143,145,147,149,151,153,155,157,159,161,163,165,167,169,171,173,175,177,179,181,183,185,187,189,191,193,195,197,199,201,203,205,207,209,211,213,215,217,219,221,223,225,227,229,231,233,235,237,239,241,243,245,247,249,251,253,255,257-505
---
{
  "schema_version": "authorship/3.0.0",
  "git_ai_version": "1.6.22",
  "base_commit_sha": "51c33864133ee231acf55a3a556a0c3463bc7165",
  "prompts": {},
  "humans": {
    "h_7ffaac8f5937a6": {
      "author": "rod520 <rodriguesorlen@gmail.com>"
    }
  }
}